37455 79656 95073
19 74 78 60 60 16 45 16 10 6 46 87 34 61 15 71 66 3 6 97 73 84 94 22 1 19 100 19 62 31 62 53 1 44
3 30 53 62 40 14 5 30 98 37 24 46 10 79 62 20 39 52 99 60 47 5 86 61 69 18 46 7 2 95 95 97 57 81
39 31 2 10 24 69 25 45 69 13 61 50 84 4 18 91 40 26 19 67 76 32 43 53 21 55 57 19 4 97 85 78 45 94
40 90 93 60 73 93 33 9 58 20 53 5 97 33 85 39 75 28 54 83 59 36 97 29 61 55 28 15 30 81 17 8 2 99
43 78 40 20 30 1 2 82 20 71 72 73 80 78 61 8 93 36 66 12 92 87 86 63 45 34 10 7 38 32 67 33 67 73
60 64 28 89 57 48 39 12 98 72 85 77 73 57 24 78 26 50 5 53 72 43 12 3 44 11 21 4 90 64 48 32 57 51
70 91 14 25 61 42 54 76 21 23 95 8 60 29 70 17 89 93 63 81 30 64 11 88 46 81 22 19 42 90 89 54 33
81 13 90 36 32 91 12 28 23 65 43 1 82 36 87 31 1 17 52 54 42 49 23 70 12 27 34 25 95 17 33 22 52
56 71 41 37 7 98 26 97 25 26 70 50 72 31 15 29 100 4 27 61 98 51 42 6 4 28 35 91 64 24 69 15 54 49
45 99 56 25 60 68 9 77 37 24 25 73 81 37 48 64 99 64 40 54 82 10 80 84 16 33 51 19 70 5 86 60 33
68 23 2 72 52 81 23 35 65 10 18 95 70 40 39 52 94 84 14 68 35 74 12 21 93 55 88 70 26 23 66 18 82
99 56 52 53 27 25 100 10 97 90 56 91 89 64 19 34 28 35 71 73 85 90 86 89 41 78 89 65 86 9 94 17 79
90 67 61 59 1 38 11 95 67 98 1 29 17 31 55 49 70 45 66 100 23 18 72 2 24 50 33 18 75 37 65 75 85
73 66 31 57 55 10 51 37 64 27 26 25 59 98 98 40 49 90 91 64 44 80 36 51 65 58 67 50 87 20 24 73 50
29 58 3 77 65 5 18 100 95 47 96 28 92 89 38 75 2 96 93 34 43 56 97 58 97 99 86 8 30 31 39 20 86 27
32 49 17 38 56 40 94 85 70 94 58 8 10 21 62 68 100 36 15 26 52 30 88 33 75 85 70 14 71 71 36 56 30
30 81 42 82 26 87 62 92 9 52 1 51 63 80 20 65 8 71 40 80 6 90 89 34 3 38 58 10 44 58 68 4 33 47 16
55 99 29 84 60 87 4 26 4 4 83 31 37 54 13 33 53 83 77 28 22 97 63 46 9 85 6 20 54 42 55 70 64 14
73 14 98 97 52 72 33 5 80 40 28 44 44 75 8 26 3 19 97 9 84 43 70 69 41 6 18 92 16 45 26 24 55 10
72 19 67 94 28 64 96 52 74 66 56 44 62 74 42 5 25 57 36 16 76 13 2 35 12 10 5 10 5 32 86 98 71 18
48 2 10 77 50 81 48 35 18 47 44 65 40 5 62 95 64 89 5 27 38 2 63 94 51 51 86 54 66 69 17 62 8 95
65 95 3 87 59 64 95 81 58 68 39 58 65 13 46 82 55 83 95 63 39 83 97 66 91 21 20 28 7 22 11 38 2 4
10 62 69 34 8 66 32 39 85 69 3 35 82 27 29 50 12 70 70 35 63 94 88 4 74 42 81 97 29 55 18 43 76 57
81 58 100 74 42 13 38 26 78 59 35 87 94 57 86 24 43 68 76 74 76 24 11 38 91 54 51 50 83 39 33 30
90 10 39 6 2 96 91 85 10 36 32 96 96 68 96 49 58 50 64 9 45 10 30 61 33 56 68 22 76 95 80 79 79 12
10 94 50 98 6 100 55 6 45 74 89 55 36 71 12 97 15 69 77 84 62 87 11 84 9 43 71 23 8 40 83 90 71 15
9 52 9 24 99 59 38 87 38 89 82 24 95 91 99 60 76 36 38 71 9 49 78 38 56 71 43 25 91 34 12 44 50 26
2 41 47 58 6 75 12 77 12 83 65 75 75 69 59 24 97 41 38 48 29 9 87 53 23 44 97 81 2 98 97 56 5 33
90 5 53 93 100 92 8 26 56 70 97 8 53 17 63 22 70 30 46 100 63 70 59 39 91 74 5 92 29 96 96 6 90 40
46 11 63 34 28 17 19 65 47 39 36 23 59 27 8 37 98 26 99 46 70 4 54 28 31 42 82 61 69 28 17 14 92 8
83 95 95 42 73 59 62 92 42 9 94 88 87 56 5 17 3 42 38 78 82 49 99 99 16 38 60 75 39 40 97 83 85 57
84 7 47 4 42 14 28 2 6 8 87 70 82 54 100 75 100 92 56 59 77 73 95 76 85 38 25 25 46 21 13 26 96 28
61 21 23 88 68 76 62 5 36 27 12 3 68 50 53 48 78 84 53 31 86 82 56 97 57 9 88 80 41 59 14 49 3 43
76 79 63 64 71 81 22 91 14 62 2 99 36 61 59 64 40 56 44 10 91 73 35 55 52 46 79 92 40 30 63 53 87
70 95 80 15 46 93 85 50 77 26 7 46 5 99 63 50 35 33 21 64 58 25 35 8 54 13 47 13 59 16 41 14 70 65
19 19 70 35 42 90 88 48 52 67 98 18 61 20 23 5 83 17 35 28 35 18 4 9 55 13 54 47 36 21 90 37 13 51
34 70 33 4 10 80 49 63 69 9 52 88 16 93 38 7 1 28 87 81 9 75 60 19 99 21 54 38 93 49 24 62 76 37
54 47 73 75 7 4 15 26 14 72 69 90 85 52 75 54 4 11 87 45 36 54 40 25 11 27 74 38 19 3 57 33 85 22
9 33 54 12 24 90 35 60 48 68 36 79 65 50 48 9 59 54 74 59 56 75 59 44 57 13 38 29 34 37 90 65 61
58 25 36 50 99 34 61 94 24 1 11 23 16 37 25 49 17 86 19 9 29 81 18 6 90 85 9 6 53 2 42 70 99 100
12 90 40 58 97 92 87 1 82 98 26 50 18 73 67 83 93 72 56 54 58 48 28 84 77 21 19 97 33 72 43 20 51
74 25 53 12 71 62 77 29 9 59 51 16 94 49 33 54 60 6 37 34 46 14 55 7 55 99 21 33 69 81 9 26 14 69
1 77 12 60 48 48 61 42 80 35 11 93 86 84 75 97 41 13 94 74 100 94 21 19 38 7 93 75 73 58 5 85 79
14 83 80 76 21 80 17 83 17 19 82 24 67 64 53 91 36 32 88 59 40 69 82 46 44 72 38 90 47 63 31 54 75
44 51 58 24 36 90 40 39 54 55 7 91 23 63 55 12 44 94 34 63 74 34 70 14 17 80 88 63 50 54 75 90 58
79 100 16 76 32 71 25 78 75 15 4 21 57 72 77 50 88 76 35 11 83 54 12 38 85 46 13 61 40 51 80 54 15
49 23 41 73 78 73 2 65 60 70 57 55 72 26 60 35 83 19 96 91 35 59 23 41 43 47 29 95 62 16 92 59 14
51 11 62 26 2 73 88 60 94 11 57 92 70 80 93 3 71 66 16 78 58 38 61 7 43 8 74 11 94 85 93 92 46 13
12 24 99 17 84 19 13 84 93 34 87 32 52 23 60 61 40 38 6 75 34 21 81 79 1 61 34 12 40 42 54 87 92
93 35 47 35 49 74 92 46 59 23 4 46 92 15 25 18 58 50 17 42 4 92 32 37 79 59 28 64 23 2 22 67 52 18
98 97 46 15 56 42 87 9 54 100 19 51 30 60 31 7 40 75 43 21 80 90 35 21 47 20 63 4 38 48 84 57 59 7
30 78 72 46 53 53 54 45 49 41 50 56 77 16 11 19 34 87 8 95 76 38 28 28 90 65 53 41 81 3 98 16 84
72 87 66 41 3 56 23 26 24 20 68 51 2 60 11 34 80 57 18 89 66 56 24 73 10 81 25 99 73 61 86 81 84
97 40 95 67 15 21 41 30 33 90 9 2 64 9 74 21 85 3 13 19 88 59 65 43 71 90 92 82 63 35 34 26 83 38
37 60 4 27 84 63 35 41 78 56 37 44 87 30 22 95 98 77 78 15 12 87 57 49 99 90 48 80 19 43 49 3 52
27 75 55 70 64 41 26 22 14 65 84 43 99 14 53 91 18 70 28 69 2 83 92 53 12 82 58 50 28 7 56 41 66
50 83 73 21 11 2 15 14 27 91 27 88 74 60 26 61 64 67 50 18 58 92 84 42 41 39 78 52 43 5 36 17 96
74 19 9 10 61 78 25 7 39 84 29 44 36 92 72 73 30 62 57 95 48 40 67 96 94 14 74 49 22 27 4 54 27 17
60 85 6 85 50 96 60 16 34 63 78 48 11 35 8 36 73 42 50 71 69 60 44 46 25 8 82 8 80 1 70 97 28 1 60
11 37 32 10 81 92 97 14 80 96 70 45 53 19 9 55 96 88 76 74 64 81 76 66 73 70 64 85 99 25 91 49 65
23 70 99 6 95 67 4 5 71 59 93 100 19 56 57 48 92 32 4 13 70 74 30 20 93 12 98 43 95 80 48 75 87 6
85 46 32 53 83 65 4 66 60 37 24 57 13 49 8 89 70 54 34 45 73 41 7 58 32 81 54 54 80 67 32 74 63 53
89 43 62 88 24 42 3 47 88 100 3 1 88 19 53 39 94 94 80 8 100 1 36 6 77 9 41 4 48 48 63 59 88 28 99
40 77 10 42 34 43 53 74 74 24 1 12 47 36 30 29 86 30 72 24 59 5 28 2 92 99 5 43 11 39 40 68 13 22
96 95 80 79 26 9 59 42 99 88 89 95 61 47 91 62 99 17 75 100 7 24 41 95 84 65 24 61 84 52 13 24 5
18 39 23 4 19 96 78 83 36 81 6 63 97 22 89 52 93 60 100 53 18 27 40 52 76 50 70 100 16 90 82 47 23
63 23 75 54 4 60 90 59 87 10 46 88 40 27 28 13 48 89 5 96 86 87 4 81 33 66 94 56 74 9 29 41 26 38
1 26 70 73 5 50 54 9 97 23 11 69 90 8 100 86 7 50 89 49 52 60 91 83 58 35 67 68 55 57 87 27 74 88
